iteration=1
(0,0,0):-1=[0.000]
(0,0,1):-1=[0.000]
(0,0,2):-1=[0.000]
(0,1,0):-1=[0.000]
(0,1,1):-1=[0.000]
(0,1,2):-1=[0.000]
(0,2,0):-1=[0.000]
(0,2,1):-1=[0.000]
(0,2,2):-1=[0.000]
(0,3,0):-1=[0.000]
(0,3,1):-1=[0.000]
(0,3,2):-1=[0.000]
(1,0,0):RECHARGE=[-2.777]
(1,0,1):DODGE=[-2.774]
(1,0,2):DODGE=[-2.736]
(1,1,0):RECHARGE=[-2.726]
(1,1,1):SHOOT=[-2.139]
(1,1,2):SHOOT=[-2.139]
(1,2,0):RECHARGE=[-2.725]
(1,2,1):SHOOT=[-2.136]
(1,2,2):SHOOT=[-2.107]
(1,3,0):RECHARGE=[-2.725]
(1,3,1):SHOOT=[-2.136]
(1,3,2):SHOOT=[-2.107]
(2,0,0):RECHARGE=[-2.778]
(2,0,1):DODGE=[-2.778]
(2,0,2):DODGE=[-2.778]
(2,1,0):RECHARGE=[-2.778]
(2,1,1):DODGE=[-2.778]
(2,1,2):SHOOT=[-2.778]
(2,2,0):RECHARGE=[-2.778]
(2,2,1):RECHARGE=[-2.775]
(2,2,2):SHOOT=[-2.746]
(2,3,0):RECHARGE=[-2.778]
(2,3,1):RECHARGE=[-2.775]
(2,3,2):SHOOT=[-2.746]
(3,0,0):RECHARGE=[-2.778]
(3,0,1):DODGE=[-2.778]
(3,0,2):DODGE=[-2.778]
(3,1,0):RECHARGE=[-2.778]
(3,1,1):DODGE=[-2.778]
(3,1,2):DODGE=[-2.778]
(3,2,0):RECHARGE=[-2.778]
(3,2,1):DODGE=[-2.778]
(3,2,2):SHOOT=[-2.778]
(3,3,0):RECHARGE=[-2.778]
(3,3,1):RECHARGE=[-2.778]
(3,3,2):SHOOT=[-2.778]
(4,0,0):RECHARGE=[-2.778]
(4,0,1):DODGE=[-2.778]
(4,0,2):DODGE=[-2.778]
(4,1,0):RECHARGE=[-2.778]
(4,1,1):DODGE=[-2.778]
(4,1,2):DODGE=[-2.778]
(4,2,0):RECHARGE=[-2.778]
(4,2,1):DODGE=[-2.778]
(4,2,2):SHOOT=[-2.778]
(4,3,0):RECHARGE=[-2.778]
(4,3,1):RECHARGE=[-2.778]
(4,3,2):SHOOT=[-2.778]


iteration=2
(0,0,0):-1=[0.000]
(0,0,1):-1=[0.000]
(0,0,2):-1=[0.000]
(0,1,0):-1=[0.000]
(0,1,1):-1=[0.000]
(0,1,2):-1=[0.000]
(0,2,0):-1=[0.000]
(0,2,1):-1=[0.000]
(0,2,2):-1=[0.000]
(0,3,0):-1=[0.000]
(0,3,1):-1=[0.000]
(0,3,2):-1=[0.000]
(1,0,0):RECHARGE=[-2.777]
(1,0,1):DODGE=[-2.774]
(1,0,2):DODGE=[-2.736]
(1,1,0):RECHARGE=[-2.726]
(1,1,1):SHOOT=[-2.139]
(1,1,2):SHOOT=[-2.139]
(1,2,0):RECHARGE=[-2.725]
(1,2,1):SHOOT=[-2.136]
(1,2,2):SHOOT=[-2.107]
(1,3,0):RECHARGE=[-2.725]
(1,3,1):SHOOT=[-2.136]
(1,3,2):SHOOT=[-2.107]
(2,0,0):RECHARGE=[-2.778]
(2,0,1):DODGE=[-2.778]
(2,0,2):DODGE=[-2.778]
(2,1,0):RECHARGE=[-2.778]
(2,1,1):DODGE=[-2.778]
(2,1,2):SHOOT=[-2.778]
(2,2,0):RECHARGE=[-2.778]
(2,2,1):RECHARGE=[-2.775]
(2,2,2):SHOOT=[-2.746]
(2,3,0):RECHARGE=[-2.778]
(2,3,1):RECHARGE=[-2.775]
(2,3,2):SHOOT=[-2.746]
(3,0,0):RECHARGE=[-2.778]
(3,0,1):DODGE=[-2.778]
(3,0,2):DODGE=[-2.778]
(3,1,0):RECHARGE=[-2.778]
(3,1,1):DODGE=[-2.778]
(3,1,2):SHOOT=[-2.778]
(3,2,0):RECHARGE=[-2.778]
(3,2,1):DODGE=[-2.778]
(3,2,2):SHOOT=[-2.778]
(3,3,0):RECHARGE=[-2.778]
(3,3,1):RECHARGE=[-2.778]
(3,3,2):SHOOT=[-2.778]
(4,0,0):RECHARGE=[-2.778]
(4,0,1):DODGE=[-2.778]
(4,0,2):DODGE=[-2.778]
(4,1,0):RECHARGE=[-2.778]
(4,1,1):DODGE=[-2.778]
(4,1,2):SHOOT=[-2.778]
(4,2,0):RECHARGE=[-2.778]
(4,2,1):DODGE=[-2.778]
(4,2,2):SHOOT=[-2.778]
(4,3,0):RECHARGE=[-2.778]
(4,3,1):RECHARGE=[-2.778]
(4,3,2):SHOOT=[-2.778]


iteration=3
(0,0,0):-1=[0.000]
(0,0,1):-1=[0.000]
(0,0,2):-1=[0.000]
(0,1,0):-1=[0.000]
(0,1,1):-1=[0.000]
(0,1,2):-1=[0.000]
(0,2,0):-1=[0.000]
(0,2,1):-1=[0.000]
(0,2,2):-1=[0.000]
(0,3,0):-1=[0.000]
(0,3,1):-1=[0.000]
(0,3,2):-1=[0.000]
(1,0,0):RECHARGE=[-2.777]
(1,0,1):DODGE=[-2.774]
(1,0,2):DODGE=[-2.736]
(1,1,0):RECHARGE=[-2.726]
(1,1,1):SHOOT=[-2.139]
(1,1,2):SHOOT=[-2.139]
(1,2,0):RECHARGE=[-2.725]
(1,2,1):SHOOT=[-2.136]
(1,2,2):SHOOT=[-2.107]
(1,3,0):RECHARGE=[-2.725]
(1,3,1):SHOOT=[-2.136]
(1,3,2):SHOOT=[-2.107]
(2,0,0):RECHARGE=[-2.778]
(2,0,1):DODGE=[-2.778]
(2,0,2):DODGE=[-2.778]
(2,1,0):RECHARGE=[-2.778]
(2,1,1):DODGE=[-2.778]
(2,1,2):SHOOT=[-2.778]
(2,2,0):RECHARGE=[-2.778]
(2,2,1):RECHARGE=[-2.775]
(2,2,2):SHOOT=[-2.746]
(2,3,0):RECHARGE=[-2.778]
(2,3,1):RECHARGE=[-2.775]
(2,3,2):SHOOT=[-2.746]
(3,0,0):RECHARGE=[-2.778]
(3,0,1):DODGE=[-2.778]
(3,0,2):DODGE=[-2.778]
(3,1,0):RECHARGE=[-2.778]
(3,1,1):DODGE=[-2.778]
(3,1,2):SHOOT=[-2.778]
(3,2,0):RECHARGE=[-2.778]
(3,2,1):DODGE=[-2.778]
(3,2,2):SHOOT=[-2.778]
(3,3,0):RECHARGE=[-2.778]
(3,3,1):RECHARGE=[-2.778]
(3,3,2):SHOOT=[-2.778]
(4,0,0):RECHARGE=[-2.778]
(4,0,1):DODGE=[-2.778]
(4,0,2):DODGE=[-2.778]
(4,1,0):RECHARGE=[-2.778]
(4,1,1):DODGE=[-2.778]
(4,1,2):SHOOT=[-2.778]
(4,2,0):RECHARGE=[-2.778]
(4,2,1):DODGE=[-2.778]
(4,2,2):SHOOT=[-2.778]
(4,3,0):RECHARGE=[-2.778]
(4,3,1):RECHARGE=[-2.778]
(4,3,2):SHOOT=[-2.778]


iteration=4
(0,0,0):-1=[0.000]
(0,0,1):-1=[0.000]
(0,0,2):-1=[0.000]
(0,1,0):-1=[0.000]
(0,1,1):-1=[0.000]
(0,1,2):-1=[0.000]
(0,2,0):-1=[0.000]
(0,2,1):-1=[0.000]
(0,2,2):-1=[0.000]
(0,3,0):-1=[0.000]
(0,3,1):-1=[0.000]
(0,3,2):-1=[0.000]
(1,0,0):RECHARGE=[-2.777]
(1,0,1):DODGE=[-2.774]
(1,0,2):DODGE=[-2.736]
(1,1,0):RECHARGE=[-2.726]
(1,1,1):SHOOT=[-2.139]
(1,1,2):SHOOT=[-2.139]
(1,2,0):RECHARGE=[-2.725]
(1,2,1):SHOOT=[-2.136]
(1,2,2):SHOOT=[-2.107]
(1,3,0):RECHARGE=[-2.725]
(1,3,1):SHOOT=[-2.136]
(1,3,2):SHOOT=[-2.107]
(2,0,0):RECHARGE=[-2.778]
(2,0,1):DODGE=[-2.778]
(2,0,2):DODGE=[-2.778]
(2,1,0):RECHARGE=[-2.778]
(2,1,1):DODGE=[-2.778]
(2,1,2):SHOOT=[-2.778]
(2,2,0):RECHARGE=[-2.778]
(2,2,1):RECHARGE=[-2.775]
(2,2,2):SHOOT=[-2.746]
(2,3,0):RECHARGE=[-2.778]
(2,3,1):RECHARGE=[-2.775]
(2,3,2):SHOOT=[-2.746]
(3,0,0):RECHARGE=[-2.778]
(3,0,1):DODGE=[-2.778]
(3,0,2):DODGE=[-2.778]
(3,1,0):RECHARGE=[-2.778]
(3,1,1):DODGE=[-2.778]
(3,1,2):SHOOT=[-2.778]
(3,2,0):RECHARGE=[-2.778]
(3,2,1):DODGE=[-2.778]
(3,2,2):SHOOT=[-2.778]
(3,3,0):RECHARGE=[-2.778]
(3,3,1):SHOOT=[-2.778]
(3,3,2):SHOOT=[-2.778]
(4,0,0):RECHARGE=[-2.778]
(4,0,1):DODGE=[-2.778]
(4,0,2):DODGE=[-2.778]
(4,1,0):RECHARGE=[-2.778]
(4,1,1):DODGE=[-2.778]
(4,1,2):SHOOT=[-2.778]
(4,2,0):RECHARGE=[-2.778]
(4,2,1):DODGE=[-2.778]
(4,2,2):SHOOT=[-2.778]
(4,3,0):RECHARGE=[-2.778]
(4,3,1):RECHARGE=[-2.778]
(4,3,2):SHOOT=[-2.778]


iteration=5
(0,0,0):-1=[0.000]
(0,0,1):-1=[0.000]
(0,0,2):-1=[0.000]
(0,1,0):-1=[0.000]
(0,1,1):-1=[0.000]
(0,1,2):-1=[0.000]
(0,2,0):-1=[0.000]
(0,2,1):-1=[0.000]
(0,2,2):-1=[0.000]
(0,3,0):-1=[0.000]
(0,3,1):-1=[0.000]
(0,3,2):-1=[0.000]
(1,0,0):RECHARGE=[-2.777]
(1,0,1):DODGE=[-2.774]
(1,0,2):DODGE=[-2.736]
(1,1,0):RECHARGE=[-2.726]
(1,1,1):SHOOT=[-2.139]
(1,1,2):SHOOT=[-2.139]
(1,2,0):RECHARGE=[-2.725]
(1,2,1):SHOOT=[-2.136]
(1,2,2):SHOOT=[-2.107]
(1,3,0):RECHARGE=[-2.725]
(1,3,1):SHOOT=[-2.136]
(1,3,2):SHOOT=[-2.107]
(2,0,0):RECHARGE=[-2.778]
(2,0,1):DODGE=[-2.778]
(2,0,2):DODGE=[-2.778]
(2,1,0):RECHARGE=[-2.778]
(2,1,1):DODGE=[-2.778]
(2,1,2):SHOOT=[-2.778]
(2,2,0):RECHARGE=[-2.778]
(2,2,1):SHOOT=[-2.775]
(2,2,2):SHOOT=[-2.746]
(2,3,0):RECHARGE=[-2.778]
(2,3,1):SHOOT=[-2.775]
(2,3,2):SHOOT=[-2.746]
(3,0,0):RECHARGE=[-2.778]
(3,0,1):DODGE=[-2.778]
(3,0,2):DODGE=[-2.778]
(3,1,0):RECHARGE=[-2.778]
(3,1,1):DODGE=[-2.778]
(3,1,2):SHOOT=[-2.778]
(3,2,0):RECHARGE=[-2.778]
(3,2,1):DODGE=[-2.778]
(3,2,2):SHOOT=[-2.778]
(3,3,0):RECHARGE=[-2.778]
(3,3,1):SHOOT=[-2.778]
(3,3,2):SHOOT=[-2.778]
(4,0,0):RECHARGE=[-2.778]
(4,0,1):DODGE=[-2.778]
(4,0,2):DODGE=[-2.778]
(4,1,0):RECHARGE=[-2.778]
(4,1,1):DODGE=[-2.778]
(4,1,2):SHOOT=[-2.778]
(4,2,0):RECHARGE=[-2.778]
(4,2,1):DODGE=[-2.778]
(4,2,2):SHOOT=[-2.778]
(4,3,0):RECHARGE=[-2.778]
(4,3,1):SHOOT=[-2.778]
(4,3,2):SHOOT=[-2.778]


iteration=6
(0,0,0):-1=[0.000]
(0,0,1):-1=[0.000]
(0,0,2):-1=[0.000]
(0,1,0):-1=[0.000]
(0,1,1):-1=[0.000]
(0,1,2):-1=[0.000]
(0,2,0):-1=[0.000]
(0,2,1):-1=[0.000]
(0,2,2):-1=[0.000]
(0,3,0):-1=[0.000]
(0,3,1):-1=[0.000]
(0,3,2):-1=[0.000]
(1,0,0):RECHARGE=[-2.777]
(1,0,1):DODGE=[-2.774]
(1,0,2):DODGE=[-2.736]
(1,1,0):RECHARGE=[-2.726]
(1,1,1):SHOOT=[-2.139]
(1,1,2):SHOOT=[-2.139]
(1,2,0):RECHARGE=[-2.725]
(1,2,1):SHOOT=[-2.136]
(1,2,2):SHOOT=[-2.107]
(1,3,0):RECHARGE=[-2.725]
(1,3,1):SHOOT=[-2.136]
(1,3,2):SHOOT=[-2.107]
(2,0,0):RECHARGE=[-2.778]
(2,0,1):DODGE=[-2.778]
(2,0,2):DODGE=[-2.778]
(2,1,0):RECHARGE=[-2.778]
(2,1,1):DODGE=[-2.778]
(2,1,2):SHOOT=[-2.778]
(2,2,0):RECHARGE=[-2.778]
(2,2,1):SHOOT=[-2.775]
(2,2,2):SHOOT=[-2.746]
(2,3,0):RECHARGE=[-2.778]
(2,3,1):SHOOT=[-2.775]
(2,3,2):SHOOT=[-2.746]
(3,0,0):RECHARGE=[-2.778]
(3,0,1):DODGE=[-2.778]
(3,0,2):DODGE=[-2.778]
(3,1,0):RECHARGE=[-2.778]
(3,1,1):DODGE=[-2.778]
(3,1,2):SHOOT=[-2.778]
(3,2,0):RECHARGE=[-2.778]
(3,2,1):DODGE=[-2.778]
(3,2,2):SHOOT=[-2.778]
(3,3,0):RECHARGE=[-2.778]
(3,3,1):SHOOT=[-2.778]
(3,3,2):SHOOT=[-2.778]
(4,0,0):RECHARGE=[-2.778]
(4,0,1):DODGE=[-2.778]
(4,0,2):DODGE=[-2.778]
(4,1,0):RECHARGE=[-2.778]
(4,1,1):DODGE=[-2.778]
(4,1,2):SHOOT=[-2.778]
(4,2,0):RECHARGE=[-2.778]
(4,2,1):DODGE=[-2.778]
(4,2,2):SHOOT=[-2.778]
(4,3,0):RECHARGE=[-2.778]
(4,3,1):SHOOT=[-2.778]
(4,3,2):SHOOT=[-2.778]


iteration=7
(0,0,0):-1=[0.000]
(0,0,1):-1=[0.000]
(0,0,2):-1=[0.000]
(0,1,0):-1=[0.000]
(0,1,1):-1=[0.000]
(0,1,2):-1=[0.000]
(0,2,0):-1=[0.000]
(0,2,1):-1=[0.000]
(0,2,2):-1=[0.000]
(0,3,0):-1=[0.000]
(0,3,1):-1=[0.000]
(0,3,2):-1=[0.000]
(1,0,0):RECHARGE=[-2.777]
(1,0,1):DODGE=[-2.774]
(1,0,2):DODGE=[-2.736]
(1,1,0):RECHARGE=[-2.726]
(1,1,1):SHOOT=[-2.139]
(1,1,2):SHOOT=[-2.139]
(1,2,0):RECHARGE=[-2.725]
(1,2,1):SHOOT=[-2.136]
(1,2,2):SHOOT=[-2.107]
(1,3,0):RECHARGE=[-2.725]
(1,3,1):SHOOT=[-2.136]
(1,3,2):SHOOT=[-2.107]
(2,0,0):RECHARGE=[-2.778]
(2,0,1):DODGE=[-2.778]
(2,0,2):DODGE=[-2.778]
(2,1,0):RECHARGE=[-2.778]
(2,1,1):DODGE=[-2.778]
(2,1,2):SHOOT=[-2.778]
(2,2,0):RECHARGE=[-2.778]
(2,2,1):SHOOT=[-2.775]
(2,2,2):SHOOT=[-2.746]
(2,3,0):RECHARGE=[-2.778]
(2,3,1):SHOOT=[-2.775]
(2,3,2):SHOOT=[-2.746]
(3,0,0):RECHARGE=[-2.778]
(3,0,1):DODGE=[-2.778]
(3,0,2):DODGE=[-2.778]
(3,1,0):RECHARGE=[-2.778]
(3,1,1):DODGE=[-2.778]
(3,1,2):SHOOT=[-2.778]
(3,2,0):RECHARGE=[-2.778]
(3,2,1):SHOOT=[-2.778]
(3,2,2):SHOOT=[-2.778]
(3,3,0):RECHARGE=[-2.778]
(3,3,1):SHOOT=[-2.778]
(3,3,2):SHOOT=[-2.778]
(4,0,0):RECHARGE=[-2.778]
(4,0,1):DODGE=[-2.778]
(4,0,2):DODGE=[-2.778]
(4,1,0):RECHARGE=[-2.778]
(4,1,1):DODGE=[-2.778]
(4,1,2):SHOOT=[-2.778]
(4,2,0):RECHARGE=[-2.778]
(4,2,1):SHOOT=[-2.778]
(4,2,2):SHOOT=[-2.778]
(4,3,0):RECHARGE=[-2.778]
(4,3,1):SHOOT=[-2.778]
(4,3,2):SHOOT=[-2.778]


