iteration=1
(0,0,0):-1=[0.000]
(0,0,1):-1=[0.000]
(0,0,2):-1=[0.000]
(0,1,0):-1=[0.000]
(0,1,1):-1=[0.000]
(0,1,2):-1=[0.000]
(0,2,0):-1=[0.000]
(0,2,1):-1=[0.000]
(0,2,2):-1=[0.000]
(0,3,0):-1=[0.000]
(0,3,1):-1=[0.000]
(0,3,2):-1=[0.000]
(1,0,0):RECHARGE=[-3.299]
(1,0,1):DODGE=[-2.993]
(1,0,2):DODGE=[-2.746]
(1,1,0):RECHARGE=[-2.607]
(1,1,1):RECHARGE=[-2.425]
(1,1,2):DODGE=[-2.337]
(1,2,0):RECHARGE=[-2.269]
(1,2,1):RECHARGE=[-2.083]
(1,2,2):SHOOT=[-2.023]
(1,3,0):RECHARGE=[-2.104]
(1,3,1):RECHARGE=[-1.916]
(1,3,2):SHOOT=[-1.853]
(2,0,0):RECHARGE=[-5.166]
(2,0,1):DODGE=[-4.884]
(2,0,2):DODGE=[-4.655]
(2,1,0):RECHARGE=[-4.528]
(2,1,1):RECHARGE=[-4.240]
(2,1,2):DODGE=[-4.008]
(2,2,0):RECHARGE=[-3.878]
(2,2,1):RECHARGE=[-3.582]
(2,2,2):DODGE=[-3.492]
(2,3,0):RECHARGE=[-3.395]
(2,3,1):RECHARGE=[-3.093]
(2,3,2):SHOOT=[-3.013]
(3,0,0):RECHARGE=[-6.857]
(3,0,1):DODGE=[-6.596]
(3,0,2):DODGE=[-6.385]
(3,1,0):RECHARGE=[-6.267]
(3,1,1):RECHARGE=[-6.001]
(3,1,2):DODGE=[-5.787]
(3,2,0):RECHARGE=[-5.667]
(3,2,1):RECHARGE=[-5.393]
(3,2,2):DODGE=[-5.178]
(3,3,0):RECHARGE=[-5.056]
(3,3,1):RECHARGE=[-4.775]
(3,3,2):SHOOT=[-4.716]
(4,0,0):RECHARGE=[-8.389]
(4,0,1):DODGE=[-8.147]
(4,0,2):DODGE=[-7.952]
(4,1,0):RECHARGE=[-7.843]
(4,1,1):RECHARGE=[-7.597]
(4,1,2):DODGE=[-7.398]
(4,2,0):RECHARGE=[-7.287]
(4,2,1):RECHARGE=[-7.034]
(4,2,2):DODGE=[-6.835]
(4,3,0):RECHARGE=[-6.722]
(4,3,1):RECHARGE=[-6.462]
(4,3,2):RECHARGE=[-6.410]


iteration=2
(0,0,0):-1=[0.000]
(0,0,1):-1=[0.000]
(0,0,2):-1=[0.000]
(0,1,0):-1=[0.000]
(0,1,1):-1=[0.000]
(0,1,2):-1=[0.000]
(0,2,0):-1=[0.000]
(0,2,1):-1=[0.000]
(0,2,2):-1=[0.000]
(0,3,0):-1=[0.000]
(0,3,1):-1=[0.000]
(0,3,2):-1=[0.000]
(1,0,0):RECHARGE=[-2.805]
(1,0,1):DODGE=[-2.775]
(1,0,2):DODGE=[-2.758]
(1,1,0):RECHARGE=[-2.746]
(1,1,1):SHOOT=[-2.165]
(1,1,2):SHOOT=[-2.150]
(1,2,0):RECHARGE=[-2.712]
(1,2,1):SHOOT=[-2.130]
(1,2,2):SHOOT=[-2.121]
(1,3,0):RECHARGE=[-2.695]
(1,3,1):SHOOT=[-2.113]
(1,3,2):SHOOT=[-2.104]
(2,0,0):RECHARGE=[-2.994]
(2,0,1):DODGE=[-2.966]
(2,0,2):DODGE=[-2.943]
(2,1,0):RECHARGE=[-2.930]
(2,1,1):DODGE=[-2.901]
(2,1,2):DODGE=[-2.877]
(2,2,0):RECHARGE=[-2.864]
(2,2,1):DODGE=[-2.849]
(2,2,2):DODGE=[-2.825]
(2,3,0):RECHARGE=[-2.815]
(2,3,1):RECHARGE=[-2.803]
(2,3,2):SHOOT=[-2.783]
(3,0,0):RECHARGE=[-3.165]
(3,0,1):DODGE=[-3.139]
(3,0,2):DODGE=[-3.117]
(3,1,0):RECHARGE=[-3.105]
(3,1,1):DODGE=[-3.079]
(3,1,2):DODGE=[-3.057]
(3,2,0):RECHARGE=[-3.045]
(3,2,1):DODGE=[-3.018]
(3,2,2):DODGE=[-2.995]
(3,3,0):RECHARGE=[-2.983]
(3,3,1):RECHARGE=[-2.973]
(3,3,2):SHOOT=[-2.949]
(4,0,0):RECHARGE=[-3.320]
(4,0,1):DODGE=[-3.295]
(4,0,2):DODGE=[-3.276]
(4,1,0):RECHARGE=[-3.265]
(4,1,1):DODGE=[-3.240]
(4,1,2):DODGE=[-3.220]
(4,2,0):RECHARGE=[-3.208]
(4,2,1):DODGE=[-3.184]
(4,2,2):DODGE=[-3.163]
(4,3,0):RECHARGE=[-3.151]
(4,3,1):RECHARGE=[-3.142]
(4,3,2):SHOOT=[-3.121]


iteration=3
(0,0,0):-1=[0.000]
(0,0,1):-1=[0.000]
(0,0,2):-1=[0.000]
(0,1,0):-1=[0.000]
(0,1,1):-1=[0.000]
(0,1,2):-1=[0.000]
(0,2,0):-1=[0.000]
(0,2,1):-1=[0.000]
(0,2,2):-1=[0.000]
(0,3,0):-1=[0.000]
(0,3,1):-1=[0.000]
(0,3,2):-1=[0.000]
(1,0,0):RECHARGE=[-2.778]
(1,0,1):DODGE=[-2.776]
(1,0,2):DODGE=[-2.738]
(1,1,0):RECHARGE=[-2.728]
(1,1,1):SHOOT=[-2.140]
(1,1,2):SHOOT=[-2.139]
(1,2,0):RECHARGE=[-2.725]
(1,2,1):SHOOT=[-2.137]
(1,2,2):SHOOT=[-2.108]
(1,3,0):RECHARGE=[-2.723]
(1,3,1):SHOOT=[-2.136]
(1,3,2):SHOOT=[-2.107]
(2,0,0):RECHARGE=[-2.797]
(2,0,1):DODGE=[-2.794]
(2,0,2):DODGE=[-2.792]
(2,1,0):RECHARGE=[-2.791]
(2,1,1):DODGE=[-2.788]
(2,1,2):DODGE=[-2.786]
(2,2,0):RECHARGE=[-2.785]
(2,2,1):DODGE=[-2.783]
(2,2,2):SHOOT=[-2.753]
(2,3,0):RECHARGE=[-2.781]
(2,3,1):RECHARGE=[-2.779]
(2,3,2):SHOOT=[-2.749]
(3,0,0):RECHARGE=[-2.814]
(3,0,1):DODGE=[-2.812]
(3,0,2):DODGE=[-2.810]
(3,1,0):RECHARGE=[-2.808]
(3,1,1):DODGE=[-2.806]
(3,1,2):DODGE=[-2.804]
(3,2,0):RECHARGE=[-2.802]
(3,2,1):DODGE=[-2.800]
(3,2,2):DODGE=[-2.798]
(3,3,0):RECHARGE=[-2.797]
(3,3,1):RECHARGE=[-2.795]
(3,3,2):SHOOT=[-2.793]
(4,0,0):RECHARGE=[-2.830]
(4,0,1):DODGE=[-2.828]
(4,0,2):DODGE=[-2.826]
(4,1,0):RECHARGE=[-2.824]
(4,1,1):DODGE=[-2.822]
(4,1,2):DODGE=[-2.820]
(4,2,0):RECHARGE=[-2.819]
(4,2,1):DODGE=[-2.816]
(4,2,2):DODGE=[-2.815]
(4,3,0):RECHARGE=[-2.814]
(4,3,1):RECHARGE=[-2.813]
(4,3,2):SHOOT=[-2.810]


iteration=4
(0,0,0):-1=[0.000]
(0,0,1):-1=[0.000]
(0,0,2):-1=[0.000]
(0,1,0):-1=[0.000]
(0,1,1):-1=[0.000]
(0,1,2):-1=[0.000]
(0,2,0):-1=[0.000]
(0,2,1):-1=[0.000]
(0,2,2):-1=[0.000]
(0,3,0):-1=[0.000]
(0,3,1):-1=[0.000]
(0,3,2):-1=[0.000]
(1,0,0):RECHARGE=[-2.778]
(1,0,1):DODGE=[-2.774]
(1,0,2):DODGE=[-2.736]
(1,1,0):RECHARGE=[-2.726]
(1,1,1):SHOOT=[-2.139]
(1,1,2):SHOOT=[-2.139]
(1,2,0):RECHARGE=[-2.725]
(1,2,1):SHOOT=[-2.136]
(1,2,2):SHOOT=[-2.107]
(1,3,0):RECHARGE=[-2.725]
(1,3,1):SHOOT=[-2.136]
(1,3,2):SHOOT=[-2.107]
(2,0,0):RECHARGE=[-2.779]
(2,0,1):DODGE=[-2.779]
(2,0,2):DODGE=[-2.779]
(2,1,0):RECHARGE=[-2.779]
(2,1,1):DODGE=[-2.779]
(2,1,2):DODGE=[-2.778]
(2,2,0):RECHARGE=[-2.778]
(2,2,1):RECHARGE=[-2.776]
(2,2,2):SHOOT=[-2.746]
(2,3,0):RECHARGE=[-2.778]
(2,3,1):RECHARGE=[-2.775]
(2,3,2):SHOOT=[-2.746]
(3,0,0):RECHARGE=[-2.781]
(3,0,1):DODGE=[-2.781]
(3,0,2):DODGE=[-2.781]
(3,1,0):RECHARGE=[-2.781]
(3,1,1):DODGE=[-2.780]
(3,1,2):DODGE=[-2.780]
(3,2,0):RECHARGE=[-2.780]
(3,2,1):DODGE=[-2.780]
(3,2,2):DODGE=[-2.780]
(3,3,0):RECHARGE=[-2.780]
(3,3,1):RECHARGE=[-2.779]
(3,3,2):SHOOT=[-2.779]
(4,0,0):RECHARGE=[-2.783]
(4,0,1):DODGE=[-2.783]
(4,0,2):DODGE=[-2.782]
(4,1,0):RECHARGE=[-2.782]
(4,1,1):DODGE=[-2.782]
(4,1,2):DODGE=[-2.782]
(4,2,0):RECHARGE=[-2.782]
(4,2,1):DODGE=[-2.782]
(4,2,2):DODGE=[-2.781]
(4,3,0):RECHARGE=[-2.781]
(4,3,1):RECHARGE=[-2.781]
(4,3,2):SHOOT=[-2.781]


iteration=5
(0,0,0):-1=[0.000]
(0,0,1):-1=[0.000]
(0,0,2):-1=[0.000]
(0,1,0):-1=[0.000]
(0,1,1):-1=[0.000]
(0,1,2):-1=[0.000]
(0,2,0):-1=[0.000]
(0,2,1):-1=[0.000]
(0,2,2):-1=[0.000]
(0,3,0):-1=[0.000]
(0,3,1):-1=[0.000]
(0,3,2):-1=[0.000]
(1,0,0):RECHARGE=[-2.777]
(1,0,1):DODGE=[-2.774]
(1,0,2):DODGE=[-2.736]
(1,1,0):RECHARGE=[-2.726]
(1,1,1):SHOOT=[-2.139]
(1,1,2):SHOOT=[-2.139]
(1,2,0):RECHARGE=[-2.725]
(1,2,1):SHOOT=[-2.136]
(1,2,2):SHOOT=[-2.107]
(1,3,0):RECHARGE=[-2.725]
(1,3,1):SHOOT=[-2.136]
(1,3,2):SHOOT=[-2.107]
(2,0,0):RECHARGE=[-2.778]
(2,0,1):DODGE=[-2.778]
(2,0,2):DODGE=[-2.778]
(2,1,0):RECHARGE=[-2.778]
(2,1,1):DODGE=[-2.778]
(2,1,2):SHOOT=[-2.778]
(2,2,0):RECHARGE=[-2.778]
(2,2,1):RECHARGE=[-2.775]
(2,2,2):SHOOT=[-2.746]
(2,3,0):RECHARGE=[-2.778]
(2,3,1):RECHARGE=[-2.775]
(2,3,2):SHOOT=[-2.746]
(3,0,0):RECHARGE=[-2.778]
(3,0,1):DODGE=[-2.778]
(3,0,2):DODGE=[-2.778]
(3,1,0):RECHARGE=[-2.778]
(3,1,1):DODGE=[-2.778]
(3,1,2):DODGE=[-2.778]
(3,2,0):RECHARGE=[-2.778]
(3,2,1):DODGE=[-2.778]
(3,2,2):SHOOT=[-2.778]
(3,3,0):RECHARGE=[-2.778]
(3,3,1):RECHARGE=[-2.778]
(3,3,2):SHOOT=[-2.778]
(4,0,0):RECHARGE=[-2.778]
(4,0,1):DODGE=[-2.778]
(4,0,2):DODGE=[-2.778]
(4,1,0):RECHARGE=[-2.778]
(4,1,1):DODGE=[-2.778]
(4,1,2):DODGE=[-2.778]
(4,2,0):RECHARGE=[-2.778]
(4,2,1):DODGE=[-2.778]
(4,2,2):SHOOT=[-2.778]
(4,3,0):RECHARGE=[-2.778]
(4,3,1):RECHARGE=[-2.778]
(4,3,2):SHOOT=[-2.778]


iteration=6
(0,0,0):-1=[0.000]
(0,0,1):-1=[0.000]
(0,0,2):-1=[0.000]
(0,1,0):-1=[0.000]
(0,1,1):-1=[0.000]
(0,1,2):-1=[0.000]
(0,2,0):-1=[0.000]
(0,2,1):-1=[0.000]
(0,2,2):-1=[0.000]
(0,3,0):-1=[0.000]
(0,3,1):-1=[0.000]
(0,3,2):-1=[0.000]
(1,0,0):RECHARGE=[-2.777]
(1,0,1):DODGE=[-2.774]
(1,0,2):DODGE=[-2.736]
(1,1,0):RECHARGE=[-2.726]
(1,1,1):SHOOT=[-2.139]
(1,1,2):SHOOT=[-2.139]
(1,2,0):RECHARGE=[-2.725]
(1,2,1):SHOOT=[-2.136]
(1,2,2):SHOOT=[-2.107]
(1,3,0):RECHARGE=[-2.725]
(1,3,1):SHOOT=[-2.136]
(1,3,2):SHOOT=[-2.107]
(2,0,0):RECHARGE=[-2.778]
(2,0,1):DODGE=[-2.778]
(2,0,2):DODGE=[-2.778]
(2,1,0):RECHARGE=[-2.778]
(2,1,1):DODGE=[-2.778]
(2,1,2):SHOOT=[-2.778]
(2,2,0):RECHARGE=[-2.778]
(2,2,1):RECHARGE=[-2.775]
(2,2,2):SHOOT=[-2.746]
(2,3,0):RECHARGE=[-2.778]
(2,3,1):RECHARGE=[-2.775]
(2,3,2):SHOOT=[-2.746]
(3,0,0):RECHARGE=[-2.778]
(3,0,1):DODGE=[-2.778]
(3,0,2):DODGE=[-2.778]
(3,1,0):RECHARGE=[-2.778]
(3,1,1):DODGE=[-2.778]
(3,1,2):DODGE=[-2.778]
(3,2,0):RECHARGE=[-2.778]
(3,2,1):DODGE=[-2.778]
(3,2,2):SHOOT=[-2.778]
(3,3,0):RECHARGE=[-2.778]
(3,3,1):RECHARGE=[-2.778]
(3,3,2):SHOOT=[-2.778]
(4,0,0):RECHARGE=[-2.778]
(4,0,1):DODGE=[-2.778]
(4,0,2):DODGE=[-2.778]
(4,1,0):RECHARGE=[-2.778]
(4,1,1):DODGE=[-2.778]
(4,1,2):DODGE=[-2.778]
(4,2,0):RECHARGE=[-2.778]
(4,2,1):DODGE=[-2.778]
(4,2,2):SHOOT=[-2.778]
(4,3,0):RECHARGE=[-2.778]
(4,3,1):RECHARGE=[-2.778]
(4,3,2):SHOOT=[-2.778]


